0 0.0225145
1 0.033744
2 0.0248707
3 0.0238284
4 0.0277176
5 0.0641846
6 0.0320527
7 0.0321793
8 0.0217414
9 0.0752823
10 0.101103
11 0.111156
12 0.105897
13 0.158728
14 0.0986414
15 0.0839316
16 0.0542532
17 0.0527942
18 0.0899287
19 0.0700397
20 0.0404987
21 0.0532639
22 0.0193404
23 0.171404
24 0.174459
25 0.179113
26 0.13767
27 0.125826
28 0.176409
29 0.167348
30 0.162776
31 0.161657
32 0.160533
33 0.165968
34 0.0605331
35 0.0553352
36 0.0888391
37 0.0857153
38 0.0886731
39 0.0872218
40 0.116071
41 0.0699211
42 0.0878023
43 0.131538
44 0.12105
45 0.0401531
46 0.0429314
47 0.0887733
48 0.0384934
49 0.0406649
50 0.0395409
51 0.0659419
52 0.0751478
53 0.042934
54 0.0840107
55 0.0642242
56 0.0809632
57 0.104681
58 0.0808549
59 0.0632508
60 0.0688841
61 0.12348
62 0.0682561
63 0.0748077
64 0.100092
65 0.129599
66 0.123029
67 0.0821689
68 0.106156
69 0.0959209
70 0.0781161
71 0.0776597
72 0.0720977
73 0.074628
74 0.109407
75 0.103359
76 0.118454
77 0.133129
78 0.147116
79 0.129473
80 0.079789
81 0.0544222
82 0.0928655
83 0.0477441
84 0.0194142
85 0.0505699
86 0.0234221
87 0.0231028
88 0.0440264
89 0.019248
90 0.0234617
91 0.0539816
92 0.0503483
93 0.0443088
94 0.0362242
95 0.0404934
96 0.0380502
97 0.109844
98 0.110655
99 0.0738366
100 0.109219
101 0.0791822
102 0.0906704
103 0.0802165
104 0.114198
105 0.0475357
106 0.0517284
107 0.0460844
108 0.0791717
109 0.0626625
110 0.0419604
111 0.0476254
112 0.0673274
113 0.0634512
114 0.0302981
115 0.0537256
116 0.0107203
117 0.0247519
118 0.0274062
119 0.134406
120 0.149454
121 0.121201
122 0.0930346
123 0.122003
124 0.0727282
125 0.0726517
126 0.0703668
127 0.0735119
128 0.0703034
129 0.0705515
130 0.0110976
131 0.00625593
132 0.0162533
133 0.00922163
134 0.0733986
135 0.112565
136 0.0647891
137 0.0358654
138 0.103631
139 0.0358575
140 0.0188364
141 0.0287941
142 0.0195409
143 0.0194459
144 0.0167995
145 0.0555092
146 0.0199947
147 0.023029
148 0.0222875
149 0.0219129
150 0.0320712
151 0.0191583
152 0.019029
153 0.0201108
154 0.0220923
155 0.0273428
156 0.101499
157 0.0860953
158 0.0811109
159 0.0954854
160 0.0863642
161 0.0840607
162 0.0876965
163 0.0834935
164 0.0796332
165 0.0791425
166 0.0518471
167 0.0759923
168 0.0358179
169 0.0346754
170 0.142129
171 0.0959133
172 0.100145
173 0.113721
174 0.147153
175 0.136335
176 0.138546
177 0.117172
178 0.123641
179 0.0808025
180 0.127507
181 0.134393
182 0.0555119
183 0.0569552
184 0.0575542
185 0.0900001
186 0.0778894
187 0.0962322
188 0.0859473
189 0.0559685
190 0.0774354
191 0.0360131
192 0.044599
193 0.0848341
194 0.0475541
195 0.0420317
196 0.0444116
197 0.0486465
198 0.0747154
199 0.0426359
200 0.0556967
201 0.0639447
202 0.0581451
203 0.0267281
204 0.0325355
205 0.0487229
206 0.0581345
207 0.0810633
208 0.0451293
209 0.0497335
210 0.0465752
211 0.0155964
212 0.0190422
213 0.019649
214 0.0110501
215 0.0134037
216 0.0137124
217 0.0561926
218 0.0502638
219 0.0562506
220 0.0529103
221 0.0184749
222 0.015599
223 0.0910554
224 0.0836332
225 0.0841478
226 0.0760871
227 0.0774909
228 0.0495673
229 0.0517362
230 0.0571769
231 0.0574407
232 0.0497336
233 0.0212058
234 0.055219
235 0.0235277
236 0.0485885
237 0.0299867
238 0.052963
239 0.0296833
240 0.0282004
241 0.0292216
242 0.113488
243 0.131723
244 0.0553641
245 0.046657
246 0.0491689
247 0.0538022
248 0.0358997
249 0.0319207
250 0.0552717
251 0.0334194
252 0.0306886
253 0.0338232
254 0.0694195
255 0.0646938
256 0.0595857
257 0.0704511
258 0.0625276
259 0.0626938
260 0.07662
261 0.0576728
262 0.0206622
263 0.0279102
264 0.0328918
265 0.0281925
266 0.0828734
267 0.0757493
268 0.0757943
269 0.0720818
270 0.0717362
271 0.0536993
272 0.040438
273 0.028707
274 0.0189446
275 0.024992
276 0.0225356
277 0.0657151
278 0.0257704
279 0.0545595
280 0.0677258
281 0.0444011
282 0.0458998
283 0.0633667
284 0.055607
285 0.0849976
286 0.0171821
287 0.0303799
288 0.017839
289 0.0165647
290 0.053979
291 0.0746388
292 0.0237651
293 0.0442032
294 0.0427758
295 0.070892
296 0.0707785
297 0.0351925
298 0.0534828
299 0.0561953
300 0.0771109
301 0.0395277
302 0.021058
303 0.0928869
304 0.0926467
305 0.0934277
306 0.0867206
307 0.0603063
308 0.0311529
309 0.0334432
310 0.0320843
311 0.0175488
312 0.0157072
313 0.0225276
314 0.0139235
315 0.0800637
316 0.0472376
317 0.0534856
318 0.0551954
319 0.0317809
320 0.0303429
321 0.0575832
322 0.0579578
323 0.0581926
324 0.0538971
325 0.0189472
326 0.0297572
327 0.0186227
328 0.0161214
329 0.0478918
330 0.029467
331 0.0296965
332 0.059161
333 0.0268917
334 0.115444
335 0.0887761
336 0.118908
337 0.119573
338 0.106831
339 0.0290501
340 0.0241134
341 0.0278205
342 0.0153246
343 0.0128417
344 0.0731056
345 0.0735015
346 0.0605648
347 0.0327465
348 0.0359155
349 0.0838262
350 0.0733168
351 0.0498946
352 0.0481425
353 0.0457177
354 0.0515383
355 0.0355092
356 0.106224
357 0.101852
358 0.0700397
359 0.0666492
360 0.0941058
361 0.0214775
362 0.0306226
363 0.0335962
364 0.0168179
365 0.0551004
366 0.0177916
367 0.0119815
368 0.0345434
369 0.056417
370 0.0598312
371 0.0232822
372 0.0763353
373 0.0505568
374 0.0560318
375 0.0135093
376 0.0529131
377 0.0305169
378 0.0384459
